740.0
50.0
718.0
708.0
344.5
190.0
180.0
739.0
710.0
316.0
366.275
123.0
136.0
100.0
237.5
314
147
413.0
410.0
325
340
250
180
225
45
150
399.0
372.0
400.0
323.0
358.0
333.0
391.0
310.0
140.0
77.0
51.8
370.0
386.5
563.0
673.0
705.0
43.0
57.0
66.0
67.0
200.0
26.0
90
114
126
4
5
15
24.5
9.0
8.0
9.0
106.5
12.0
0.345
78.0
633.75
493.0
538.0
319.0
151.0
424.0
1075.5
718.0
403.0
358.0
55.0
85.78571428571429
228.0
93.0
91.0
719.0
130.83363636363637
4.2
6.2
5.4
3.7
1.3
0.0019
48.0
10.0
10.0
782.0
4.7
12.3
5.0
6.0
1390.9250000000002
721.0
140
286
407
453
459.0
160.0
790
355
160
140.7
406.0
409.0
420.0
122
90
12
450.0
140
477.0
697.0
694.0
905.0
431.0
392.5
747.0
205
183
188
571.0
753.0
683
638
191.0
100.0
97.12857142857142
871
831
786
122
90
40
235.0
200
218
386
583
583
445
993.0
100
623.0
450.0
985.0
234.0
820.0
800
695
550
380
50.0
34.1808
813.0
200.0
50.0
122.0
120.0
275.0
335.0
300.0
170.0
94
92
42
210.0
17.0
80.0
425.0
99.0
86.0
68.0
160.0
440.0
38
4.2
160.0
65.0
65.0
159.0
105.0
79.0
390.9375
145.0
10.0
58.0
591.0
246.0
120.5
60.0
235.0
303.0
45.0
310.0
134.0
305.0
354.3333333333333
140.0
262.5
384.25
407.0
170.0
120.0
318.9
370
218
433.7
314.0
219.0
300
400
318.0
383.0
353
360
393
433
327.0
346.2
290
220
282.0
287.5
389.5
385.5
381.5
344
60.0
738.0
698.0
603.0
658.0
150.0
0.88
1.02
960.5
930.5
460
350
220
50
15
5
57.0
35.0
830.0
0.07
267
46
75
604.3333333333334
671.0
323.5
600.0
510.0
25.0
80.0
562.0
579.5
328.5
1.772333333333333
0.7
87.81428571428572
21.65
48.0
31.0
69.0
15.0
81.0
58.25
386.0
90.5
42
83
490.0
3.5
165.0
15.0
105.0
25.0
154.5
9.1
450.0
26.0
1045.5
140.0
647.0
1170.5
618
590
55.0
16.0
49.0
144.0
19.25
645.3333333333334
602.5
368.3333333333333
16.416666666666668
534.5
557.35
420.0
5.0
520.0
50.0
14.0
35.875
23.0
430.0
443.0
401.0
13.0
1018.0
384.0
67.0
1050.0
657.0
16.0
26.0
31.0
1179.6666666666667
26.0
33.0
22.0
7.0
25.0
30
33
27
29
520.0
3.0
3.6
10.0
6.0
8.0
25.0
40.0
25.0
561.5
150.0
502.5
50.0
300.5
6.0
10.0
14.0
493.0
8.5
18.0
551.35
4.0
44
21.0
564.5
33.0
3.0
128.0
137.0
415.0
415.0
4.8
20.9
6.0
10.0
5.0
17.5
4.0
11.0
62.0
38.0
105.0
8.5
130
16.3625
5.4
15.0
4.340000000000001
73.54957142857143
556.0
19.0
7.0
1040.5333333333333
923.0
773.0
300.0
810.0
598.0
42.4
362.0
66.0
628.0
508.0
25.0
174.0
5.0
483.0
350
262
208
1253.0
280.0
1200.0
478.0
815.0
470
470
444
702.25
670.0
1083.0
9.0
485.0
47.0
78.5
853
763
273
80
591
625
595
653.0
183.33333333333334
37
18
11
302.0
330
220
80.0
315.0
355.0
360.0
363.0
233.0
362.0
241.0
590.0
333.0
620.0
433.0
760.0
254.25
267
340
270
60
680.0
300
300
210
145
50
342.0
120.0
343.0
855.5
551.4
551.4
567.3
562.7
542.6
215.0
223.0
269.6666666666667
701.0
904.0
291
391
512
790.0
340.0
285.0
758.0
806.0
613
630
643
629.0
586.0
738.0
771.0
834.0
426.0
664
650
636.0
773.0
1051.0
593.0
530.0
580.0
578.0
336.5
4.2
319.0
452.4
540.0
55.0
360.0
270.0
28.0
743.0
453.0
668.0
808.0
380.6666666666667
667.0
676.0
480.0
484.0
583.0
486.0
743.0
612.0
292.3935714285714
583.0
479.0
318
70
142.0
853
853
850
873
853
60.2
116.0
168.33333333333334
40.0
160.0
210.0
440.0
109.0
278.5
455.0
435.0
1.6600000000000001
340.0
343.0
500.0
176.0
686.0
620.0
308.0
266.5
350
305
205
167.5
262.0
272.5
30
26
31.5
37.5
37
401.25
732.6
612.0
728.0
1019.0
455.0
463.6666666666667
768.5
1211.0
563.5
230.0
345
175
30
108.5
564.65
250.0
564
549
528
12.0
25
28
42.5
70
70
85
25
19
20
35
35
30
42
52.5
75
75
85
1.0
89.0
92
68
24.0
103.0
66.0
221.0
39.5
267.0
335.0
293
233
184
335.0
21.066666666666666
437.5
466.5
71.66666666666667
473.0
67.1
83.0
260.0
346
290
260
15
42.5
44
65
78
85
17
33
300
216
30
73.0
80.4
336.0
293
273
244
116.0
31.5
118.0
414.0
268.0
220.0
60
205
350
1178.0
44.0
10.0
600
680
775
33.0
408.3333333333333
180.0
340.0
605.5
275.0
68.0
567.0
322.0
500.5
47.0
560.6666666666666
44.03333333333333
12.0
110.5
429.5
434.0
20.625
15.825
17.5
17.5
78
22.5
83
26.0
32.666666666666664
64
70
33.0
31.0
95.0
22.5
100.0
30.0
66.0
92.0
16.0
70.0
418.0
386.5
1012.5
27.0
657.0
728.0
7.0
2.55
10.0
9.0
1.5
5.5
10.0
1.3
6.6
166.0
298.3333333333333
6.0
76.0
315
335
350
330.0
340.0
361.0
80.0
1.0
9.5
3.05
81.5
230.0
to
152
200
250
260
295.0
228.5
326.0
358.0
50.0
840.0
1290.0
490.0
690.0
263.75
690.0
300.0
55.0
898.0
645.5
905.5
814.5
808.5
693.0
903.0
370.0
768.0
20.0
272.0
885.0
38.0
130.0
518.0
210.0
312.875
22.0
2.0
362.0
459.0
1201.0
2.0
2.0
240.0
360.0
599.5
578.0
149.25
529.0
268.6666666666667
520.3333333333334
633.0
549.0
601.0
273.0
505.0
808.0
203.0
200.0
250.0
46.0
301.3333333333333
300.0
84.5
600
565
390
255
340.0
583.0
67
48
36
612.0
149.0
485
375
240
703.0
745.0
600.0
97.0
848.0
579.625
850.0
0.18
48.0
22.0
25.0
571.0
441.0
24.0
325.0
160.0
146.0
41.2
690.0
470.0
246.0
291.0
265.0
540.0
223.0
571.5
150.0
28.0
550.0
450.0
105.0
34.0
108.0
1.745
60.0
284.0
395.0
156.0
916.0
220.0
269.0
256.0
609.0
281.5
1158.0
80.0
8.0
260.0
328.3333333333333
77.0
65.5
327.0
429.0
320
200
150
56.0
28.0
53.5
51.7
3.6
9.5
11.8
325.0
426.5
28.119999999999997
228
414
533
563
35.0
423.0
15.333333333333334
485
430
27.0
590.0
9.0
175.0
87.0
90.0
16
25
663.0
60.0
17.0
29.0
23.0
69.66666666666667
175.0
3.6
7.55
565
565
560
28.0
47.8
649
383
167
130
261
24.0
622.7166666666667
19.0
183
138
173.0
62.0
863.0
858
720
540
454.3333333333333
389.0
10.0
69.0
13.4
41.3
85
863.0
0.15
670.0
858
670
75
379.0
274.25
437.0
469.5
750.0
137.5
210.0
190.0
109.0
295.3333333333333
6.7
600.0
82.0
295.6666666666667
67.0
263.0
143.0
132.0
103.0
138.0
755
720
625
490
360.0
0.01
50.0
349.0
827.75
1165.5
574.0
7.0
61
104
137
22.1
26.4
540.0
173.0
422.0
501.0
281.5
284.5
500.0
248.0
19.0
39.0
188.0
18.7
22
8.7
14.0
34.9
30.0
80.0
16.0
5.0
16.0
185.0
20.0
29.0
20.0
85.0
115.0
215.0
142.0
6.0
8.8
58.0
40.0
103.0
455.0
450.0
13.0
320.0
32.0
220.0
6.8
7.0
630.0
560.0
122.0
250.0
30.0
220.0
229.5
575.0
582.0
944.75
330.0
1192.5
713.0
136.0
12.0
34.5
350.0
126.0
330.0
1143.25
674.5
651.0
399.0
395.0
593.6666666666666
109.0
570.0
87.0
25.0
230.0
37.0
439.5
109.0
439.0
115.33333333333333
45.0
40.0
190.0
266.0
85.0
185.0
25.0
413.5
34.0
506.0
6.0
980.0
20.0
705.0
125.0
53.0
1187.0
0.2
2.5
33.5
15.0
80.0
700.6666666666666
413.0
422.0
549.0
408.5
750.0
378.0
574.0
130.0
558.4
155.0
160
0
0.0
161.33333333333334
45.5
780.0
220.75
445.0
38.425
50.0
46.0
98.0
18.0
27.0
370.0
101.0
1020.0
396.5
1183.5
53
56
59
84
118
6.0
611.5
539.0
277.5
47.0
3.71
2.0
475.0
549.0
30.0
10.6
40.0
12.0
4.0
11.0
43.0
13.0
225.0
7.0
377.5
12.0
588
620
685
200.0
183.0
630.0
690.0
214.0
373.5
172.0
172.0
44.5
77.0
703.0
126.0
139.5
94.0
52.0
29.75
4.0
2.0
125.0
144.35999999999999
32.5
560.0
430.0
577
591.0
100.0
109.0
118.0
150.0
29.8
560.0
180.1375
148.5
177.75
13.1
180.0
160.0
113.0
122.0
105.0
141.0
553.4933333333333
227.25
298.3333333333333
888.4
639.0
1190.0
2.0
7.5
15.0
541.25
311.8333333333333
477.5
468.0
395.0
47.0
525
475
556.5
590
496
332
488.0
486.0
600.0
440.0
512.0
375.0
535.0
592.0
557.0
643.0
58.0
33.0
460.3333333333333
115
620
470
180
11
4
465.0
415.0
515.0
10.2
590
490
519.0
444.0
490
327
218
500.0
223.33333333333334
553.0
336.0
65.0
90.0
973.0
40.0
10.0
26.733333333333334
546.1999999999999
23.150000000000002
20.0
1.4
360.0
374.0
105
137
22.0
129.5
780.0
593.0
30.0
31.0
20.0
655.6666666666666
500
620
5.7
28.0
370.0
360.0
385.0
360
260
170
160
52.5
5.9
15
26
334.0
105.0
18.0
77.0
130.0
131.0
86
108
140
165
170
85.0
88.0
2.0
80.0
673.0
1365.0
58.0
13.0
605.0
77.0
630.0
116.0
125.0
17.0
693.0
62.0
694.0
4.5
905.0
3.8
600.0
137.0
985.0
12.5
829.0
22
33
28.5
120.5
320.0
65.0
555.0
193.0
140.0
305.0
305.0
90.0
167.0
620.0
170.0
32.0
13.0
6.0
595.0
330.0
13.0
85.0
264.0
18.0
129.0
12.0
25.0
3.0
11.0
2.22
6.0
416.0
4.0
37.6
69.6
16.5
660.0
725.0
3.55
196.5
645.0
190.0
5.2
24.0
120.0
11.5
625.0
300.0
60.0
425.0
71.0
100.0
30.5
68.0
110
96
87
73
46
31
640.0
95.0
605.0
223.0
225.0
575.0
319.0
500.0
427.5
630.0
63.0
295
393
460
615.0
12.8
37.0
23.0
4.8
720.0
133.0
765.0
79.0
142.0
109.0
289.6666666666667
350.0
583.0
740.0
304
318
322
332
1163
1090
739
650.0
443.0
32.0
448.0
450.0
450.0
294.5
22.0
43.0
445.0
22.0
138.4
984.0
77.2
1199
1079
541
394
77.5
913.0
1290
1090
754
675.0
675.5
675.0
650.0
44.0
28.0
385.0
13.0
655.0
42.0
108.0
45.0
10.0
50.0
636.5
190.0
118
59
41.5
58.1
71.5
3.95
655.0
185.0
640.0
158.0
565.0
67.0
39.0
400.0
52.0
3.705
830.0
740.0
51.0
6.7
410
420
560
735
182.0
31.8
415.0
921.0
1189
1120
915
304
45.0
300
500
810
1080
1180
240.0
535.0
625.0
615.0
620.0
8.0
615.0
112.0
128.0
126.0
118.0
170.0
77.0
133.0
180.0
160.0
500.0
120.0
465.0
10
13
34
40
49
155.0
310.0
986.5
6.5
300.0
40.0
148.0
210.0
220.0
377.0
240.0
347.0
92.0
81.0
50.0
38.0
42.0
44.0
17.0
687.0
325.0
346.0
346.0
4.2
206.0
433.0
119.0
91.0
80.0
31.0
140.0
69.5
80.0
48.0
1079.0
1093.0
1105.0
1124.0
1143.0
1203.0
485.0
423.0
761.0
683.0
834.0
520.0
876.0
903.0
884.6666666666666
885.5
786.1
833.0
648.0
734.5
95.0
71.8
128.33333333333334
210.33333333333334
953.0
744.25
255.0
773.0
678.0
380.0
280.0
981.3
925.0
628.0
160.0
180.0
325.0
925.0
1225.0
285.0
269.0
234.0
226.0
202.5
193.0
165.0
120.0
185.0
249.0
150.0
95.0
165.0
145.0
251.0
212.0
171.0
110.0
281.0
254.0
211.0
84.0
35.0
171.0
44.0
72.0
20.0
24.0
25.0
690.0
78.0
860.0
470.0
832.0
672.0
852.0
640.0
608.0
396.0
75.0
58.1
324.0
194.5
110.0
348.0
72.0
40.0
13.0
1.0
500.0
292.0
348.0
308.0
19.0
1.55
0.79
6.5
2.95
18.8
16.2
44.0
90.0
186.0
281.0
423.0
357.0
419.0
553.0
370.0
250.0
457.5
583.0
213.0
202.0
20.0
273.0
520.0
453.0
0.78
2.12
2.8
2.8
13.0
13.0
23.0
32.6
49.0
32.6
37.0
90.0
114.0
200.0
193.0
237.0
5.0
3.414
3.9
4.477
7.35
7.71
2.0
254.0
278.0
2.0
90.0
2.8
6.0
8.0
210.0
423.0
305.0
425.0
230.0
300.0
250.0
159.0
175.0
15.0
210.5
4.1
454.0
226.9
180.0
380.0
7.0
320.0
347.5
130.0
587.0
8.0
337.5
129.0
327.5
373.0
348.0
713.0
723.0
610.0
297.0
158.0
283.0
518.0
390.0
235.0
130.0
11.0
9.0
446.25
179.5
322.6666666666667
252.5
355.5
7.5
50.65
133.5
519.0
383.0
518.0
132.5
5.5
813.5
620.0
67.5
356.5
79.0
196.0
79.0
22.0
27.333333333333332
30.0
31.0
267.0
108.0
50.0
5.4
15.0
4.5
719.0
709.0
700.0
700.0
1042.0
1017.8
1042.6
1032.4
1043.9
1012.6
1033.0
590.0
780.0
180.0
680.0
361.0
873.0
823.0
773.0
335.0
330.0
320.0
270.0
719.0
709.0
700.0
700.0
755.0
450.0
200.0
715.0
620.0
370.0
955.0
750.0
885.0
858.0
820.0
710.0
860.0
810.0
680.0
610.0
494.0
540.0
521.0
460.0
444.0
438.0
422.0
415.0
397.0
382.0
377.0
357.0
420.0
55.0
570.0
472.0
350.0
225.0
101.0
470.0
350.0
221.0
102.0
565.0
465.0
348.0
228.0
103.0
170.0
420.0
525.0
514.0
585.0
660.0
695.0
545.0
470.0
400.0
365.0
500.0
600.0
670.0
630.0
600.0
563.0
478.0
353.0
718.0
618.0
514.0
414.0
314.0
1184.0
1124.0
1071.0
650.0
850.0
705.0
301.0
958.0
580.0
130.0
297.0
56.0
16.0
20.5
